2	1	38.50	54	20	0	1	2	2	3	4	1	2	2	5.90	0	2	42.00	6.30	0	0	1
2	1	37.60	48	36	0	0	1	1	0	3	0	0	0	0	0	0	44.00	6.30	1	5.00	1
1	1	37.7	44	28	0	4	3	2	5	4	4	1	1	0	3	5	45	70	3	2	1
1	1	37	56	24	3	1	4	2	4	4	3	1	1	0	0	0	35	61	3	2	0
2	1	38.00	42	12	3	0	3	1	1	0	1	0	0	0	0	2	37.00	5.80	0	0	1
1	1	0	60	40	3	0	1	1	0	4	0	3	2	0	0	5	42	72	0	0	1
2	1	38.40	80	60	3	2	2	1	3	2	1	2	2	0	1	1	54.00	6.90	0	0	1
2	1	37.80	48	12	2	1	2	1	3	0	1	2	0	0	2	0	48.00	7.30	1	0	1
2	1	37.90	45	36	3	3	3	2	2	3	1	2	1	0	3	0	33.00	5.70	3	0	1
2	1	39.00	84	12	3	1	5	1	2	4	2	1	2	7.00	0	4	62.00	5.90	2	2.20	0
2	1	38.20	60	24	3	1	3	2	3	3	2	3	3	0	4	4	53.00	7.50	2	1.40	1
1	1	0	140	0	0	0	4	2	5	4	4	1	1	0	0	5	30	69	0	0	0
1	1	37.90	120	60	3	3	3	1	5	4	4	2	2	7.50	4	5	52.00	6.60	3	1.80	0
2	1	38.00	72	36	1	1	3	1	3	0	2	2	1	0	3	5	38.00	6.80	2	2.00	1
2	9	38.00	92	28	1	1	2	1	1	3	2	3	0	7.20	0	0	37.00	6.10	1	1.10	1
1	1	38.30	66	30	2	3	1	1	2	4	3	3	2	8.50	4	5	37.00	6.00	0	0	1
2	1	37.50	48	24	3	1	1	1	2	1	0	1	1	0	3	2	43.00	6.00	1	2.80	1
1	1	37.50	88	20	2	3	3	1	4	3	3	0	0	0	0	0	35.00	6.40	1	0	0
2	9	0	150	60	4	4	4	2	5	4	4	0	0	0	0	0	0	0	0	0	0
1	1	39.7	100	30	0	0	6	2	4	4	3	1	0	0	4	5	65	75	0	0	0
1	1	38.30	80	0	3	3	4	2	5	4	3	2	1	0	4	4	45.00	7.50	2	4.60	1
2	1	37.50	40	32	3	1	3	1	3	2	3	2	1	0	0	5	32.00	6.40	1	1.10	1
1	1	38.40	84	30	3	1	5	2	4	3	3	2	3	6.50	4	4	47.00	7.50	3	0	0
1	1	38.10	84	44	4	0	4	2	5	3	1	1	3	5.00	0	4	60.00	6.80	0	5.70	0
2	1	38.70	52	0	1	1	1	1	1	3	1	0	0	0	1	3	4.00	74.00	0	0	1
2	1	38.10	44	40	2	1	3	1	3	3	1	0	0	0	1	3	35.00	6.80	0	0	1
2	1	38.4	52	20	2	1	3	1	1	3	2	2	1	0	3	5	41	63	1	1	1
1	1	38.20	60	0	1	0	3	1	2	1	1	1	1	0	4	4	43.00	6.20	2	3.90	1
2	1	37.70	40	18	1	1	1	0	3	2	1	1	1	0	3	3	36.00	3.50	0	0	1
1	1	39.1	60	10	0	1	1	0	2	3	0	0	0	0	4	4	0	0	0	0	1
2	1	37.80	48	16	1	1	1	1	0	1	1	2	1	0	4	3	43.00	7.50	0	0	1
1	1	39.00	120	0	4	3	5	2	2	4	3	2	3	8.00	0	0	65.00	8.20	3	4.60	1
1	1	38.20	76	0	2	3	2	1	5	3	3	1	2	6.00	1	5	35.00	6.50	2	0.90	1
2	1	38.30	88	0	0	0	6	0	0	0	0	0	0	0	0	0	0	0	0	0	0
1	1	38.00	80	30	3	3	3	1	0	0	0	0	0	6.00	0	0	48.00	8.30	0	4.30	1
1	1	0	0	0	3	1	1	1	2	3	3	1	3	6.00	4	4	0	0	2	0	0
1	1	37.60	40	0	1	1	1	1	1	1	1	0	0	0	1	1	0	0	2	2.10	1
2	1	37.50	44	0	1	1	1	1	3	3	2	0	0	0	0	0	45.00	5.80	2	1.40	1
2	1	38.2	42	16	1	1	3	1	1	3	1	0	0	0	1	0	35	60	1	1	1
2	1	38	56	44	3	3	3	0	0	1	1	2	1	0	4	0	47	70	2	1	1
2	1	38.30	45	20	3	3	2	2	2	4	1	2	0	0	4	0	0	0	0	0	1